6 6
8 101 104 104 101 2
202 12 101 104 3 404
202 204 24 4 404 401
204 204 3 6 404 401
204 10 304 304 20 404
4 303 304 304 303 44

4 4
28 10 18 24
12 22 48 81
22 22 84 13
11 11 33 62

9 9
1 2 3 4 5 6 7 8 9
2 3 4 5 6 7 8 9 1
3 4 5 6 7 8 9 1 2
4 5 6 7 8 9 1 2 3
5 6 7 8 9 1 2 3 4
6 7 8 9 1 2 3 4 5
7 8 9 1 2 3 4 5 6
8 9 1 2 3 4 5 6 7
9 1 2 3 4 5 6 7 8

6 6
222 101 104 204 201 222
202 222 101 204 222 404
202 204 222 222 404 401
204 204 222 222 404 401
204 222 304 304 222 404
222 303 304 304 303 222

5 5
1 1 1 1 1
2 2 2 2 2
3 3 3 3 3
4 4 4 4 4
5 5 5 5 5

6 6
222 101 104 104 101 222
202 222 101 104 222 404
202 204 222 222 404 401
204 204 222 222 404 401
204 222 304 304 222 404
222 303 304 304 303 222



